1651 9 20000000 0 88e 3
800
435
1192
435
1132
305
800
435
1192
439
1135
308
800
435
1191
443
1139
311
800
435
1191
447
1142
314
800
435
1190
450
1146
318
800
435
1190
454
1149
321
800
435
1189
458
1152
324
800
435
1188
462
1156
328
800
435
1187
465
1159
331
800
435
1186
469
1161
334
800
435
1185
473
1164
338
800
435
1183
477
1167
341
800
435
1182
480
1170
345
800
435
1180
484
1172
348
800
435
1179
488
1175
352
800
435
1177
491
1177
355
800
435
1175
495
1179
359
800
435
1173
499
1181
363
800
435
1171
502
1183
366
800
435
1168
506
1185
370
800
435
1166
509
1187
374
800
435
1163
513
1188
377
800
435
1161
517
1190
381
800
435
1158
520
1191
385
800
435
1155
523
1193
389
800
435
1152
527
1194
392
800
435
1149
530
1195
396
800
435
1146
534
1196
400
800
435
1142
537
1197
404
800
435
1139
540
1198
408
800
435
1136
544
1198
411
800
435
1132
547
1199
415
800
435
1128
550
1199
419
800
435
1124
553
1199
423
800
435
1120
556
1200
427
800
435
1116
560
1200
430
800
435
1112
563
1200
434
800
435
1108
566
1199
438
800
435
1104
569
1199
442
800
435
1099
572
1199
446
800
435
1095
574
1198
450
800
435
1090
577
1197
453
800
435
1085
580
1197
457
800
435
1081
583
1196
461
800
435
1076
586
1195
465
800
435
1071
588
1194
469
800
435
1066
591
1192
472
800
435
1061
594
1191
476
800
435
1055
596
1189
480
800
435
1050
599
1188
484
800
435
1045
601
1186
487
800
435
1039
603
1184
491
800
435
1034
606
1182
495
800
435
1028
608
1180
499
800
435
1022
610
1178
502
800
435
1017
612
1176
506
800
435
1011
614
1174
510
800
435
1005
616
1171
513
800
435
999
618
1168
517
800
435
993
620
1166
520
800
435
987
622
1163
524
800
435
981
624
1160
527
800
435
975
626
1157
531
800
435
968
627
1154
534
800
435
962
629
1151
538
800
435
956
631
1147
541
800
435
949
632
1144
544
800
435
943
634
1140
548
800
435
937
635
1136
551
800
435
930
636
1133
554
800
435
924
638
1129
557
800
435
917
639
1125
561
800
435
910
640
1121
564
800
435
904
641
1117
567
800
435
897
642
1112
570
800
435
890
643
1108
573
800
435
883
644
1104
576
800
435
877
645
1099
579
800
435
870
646
1095
582
800
435
863
646
1090
585
800
435
856
647
1085
587
800
435
849
647
1080
590
800
435
843
648
1075
593
800
435
836
648
1070
596
800
435
829
649
1065
598
800
435
822
649
1060
601
800
435
815
649
1055
603
800
435
808
650
1050
606
800
435
801
650
1044
608
800
435
794
650
1039
611
800
435
787
650
1033
613
800
435
780
650
1028
615
800
435
773
649
1022
618
800
435
767
649
1016
620
800
435
760
649
1010
622
800
435
753
649
1004
624
800
435
746
648
999
626
800
435
739
648
993
628
800
435
732
647
987
630
800
435
725
647
981
632
800
435
719
646
974
634
800
435
712
645
968
635
800
435
705
644
962
637
800
435
698
644
956
639
800
435
692
643
949
640
800
435
685
642
943
642
800
435
678
641
937
643
800
435
672
640
930
645
800
435
665
638
924
646
800
435
659
637
917
647
800
435
652
636
911
648
800
435
646
635
904
650
800
435
640
633
898
651
800
435
633
632
891
652
800
435
627
630
884
653
800
435
621
629
878
654
800
435
615
627
871
655
800
435
609
625
864
655
800
435
602
624
858
656
800
435
596
622
851
657
800
435
591
620
844
658
800
435
585
618
837
658
800
435
579
616
831
659
800
435
573
614
824
659
800
435
567
612
817
659
800
435
562
610
810
660
800
435
556
608
803
660
800
435
551
605
797
660
800
435
545
603
790
660
800
435
540
601
783
661
800
435
535
598
776
661
800
435
530
596
769
661
800
435
524
594
763
661
800
435
519
591
756
660
800
435
515
589
749
660
800
435
510
586
742
660
800
435
505
583
736
660
800
435
500
581
729
659
800
435
496
578
722
659
800
435
491
575
716
658
800
435
487
572
709
658
800
435
482
569
702
657
800
435
478
567
696
657
800
435
474
564
689
656
800
435
470
561
683
655
800
435
466
558
676
654
800
435
462
555
670
653
800
435
458
552
663
653
800
435
455
548
657
652
800
435
451
545
650
651
800
435
448
542
644
649
800
435
444
539
638
648
800
435
441
536
631
647
800
435
438
532
625
646
800
435
435
529
619
645
800
435
432
526
613
643
800
435
429
522
607
642
800
435
426
519
601
640
800
435
424
516
595
639
800
435
421
512
589
637
800
435
419
509
583
636
800
435
416
505
577
634
800
435
414
502
571
632
800
435
412
498
565
631
800
435
410
495
560
629
800
435
408
491
554
627
800
435
406
488
548
625
800
435
405
484
543
623
800
435
403
481
537
621
800
435
402
477
532
619
800
435
400
474
527
617
800
435
399
470
521
615
800
435
398
466
516
613
800
435
397
463
511
611
800
435
396
459
506
609
800
435
395
455
501
607
800
435
395
452
496
604
800
435
394
448
491
602
800
435
394
444
486
600
800
435
393
441
482
597
800
435
393
437
477
595
800
435
393
433
472
592
800
435
393
430
468
590
800
435
393
426
463
587
800
435
394
422
459
585
800
435
394
419
455
582
800
435
394
415
450
579
800
435
395
411
446
577
800
435
396
408
442
574
800
435
397
404
438
571
800
435
397
401
434
568
800
435
398
397
431
566
800
435
400
393
427
563
800
435
401
390
423
560
800
435
402
386
420
557
800
435
404
383
416
554
800
435
405
379
413
551
800
435
407
376
409
548
800
435
409
372
406
545
800
435
411
369
403
542
800
435
413
365
400
539
800
435
415
362
397
536
800
435
417
358
394
533
800
435
420
355
391
530
800
435
422
351
388
527
800
435
425
348
386
524
800
435
427
345
383
521
800
435
430
341
381
517
800
435
433
338
378
514
800
435
436
335
376
511
800
435
439
331
374
508
800
435
442
328
372
504
800
435
446
325
370
501
800
435
449
322
368
498
800
435
452
319
366
495
800
435
456
316
364
491
800
435
460
313
363
488
800
435
463
310
361
485
800
435
467
307
360
481
800
435
471
304
358
478
800
435
475
301
357
475
800
435
479
298
356
471
800
435
484
295
355
468
800
435
488
292
354
465
800
435
492
289
353
461
800
435
497
287
352
458
800
435
501
284
351
454
800
435
506
281
351
451
800
435
511
279
350
448
800
435
516
276
350
444
800
435
521
274
349
441
800
435
525
271
349
437
800
435
531
269
349
434
800
435
536
266
349
431
800
435
541
264
349
427
800
435
546
262
349
424
800
435
551
259
349
420
800
435
557
257
349
417
800
435
562
255
350
414
800
435
568
253
350
410
800
435
573
251
351
407
800
435
579
249
351
403
800
435
585
247
352
400
800
435
591
245
353
397
800
435
597
243
354
393
800
435
602
242
355
390
800
435
608
240
356
387
800
435
614
238
357
383
800
435
620
237
359
380
800
435
627
235
360
377
800
435
633
234
361
373
800
435
639
232
363
370
800
435
645
231
365
367
800
435
652
229
366
364
800
435
658
228
368
360
800
435
664
227
370
357
800
435
671
226
372
354
800
435
677
225
374
351
800
435
684
224
376
348
800
435
690
223
379
344
800
435
697
222
381
341
800
435
703
221
383
338
800
435
710
220
386
335
800
435
717
219
388
332
800
435
723
219
391
329
800
435
730
218
394
326
800
435
737
218
397
323
800
435
743
217
400
320
800
435
750
217
403
317
800
435
757
216
406
314
800
435
764
216
409
311
800
435
770
216
412
308
800
435
777
216
415
305
800
435
784
216
419
302
800
435
791
216
422
300
800
435
798
216
426
297
800
435
804
216
430
294
800
435
811
216
433
291
800
435
818
216
437
289
800
435
825
216
441
286
800
435
832
217
445
283
800
435
838
217
449
281
800
435
845
217
453
278
800
435
852
218
457
275
800
435
859
219
461
273
800
435
865
219
466
270
800
435
872
220
470
268
800
435
879
221
474
266
800
435
885
221
479
263
800
435
892
222
483
261
800
435
899
223
488
259
800
435
905
224
493
256
800
435
912
225
497
254
800
435
918
227
502
252
800
435
925
228
507
250
800
435
931
229
512
248
800
435
938
230
517
245
800
435
944
232
522
243
800
435
950
233
527
241
800
435
956
235
532
239
800
435
963
236
538
237
800
435
969
238
543
236
800
435
975
240
548
234
800
435
981
241
554
232
800
435
987
243
559
230
800
435
993
245
565
228
800
435
999
247
570
227
800
435
1005
249
576
225
800
435
1011
251
581
224
800
435
1016
253
587
222
800
435
1022
255
593
221
800
435
1028
257
599
219
800
435
1033
259
604
218
800
435
1039
262
610
216
800
435
1044
264
616
215
800
435
1049
266
622
214
800
435
1055
269
628
213
800
435
1060
271
634
211
800
435
1065
274
640
210
800
435
1070
276
646
209
800
435
1075
279
652
208
800
435
1080
282
659
207
800
435
1084
284
665
206
800
435
1089
287
671
206
800
435
1094
290
677
205
800
435
1098
293
683
204
800
435
1102
296
690
203
800
435
1107
299
696
203
800
435
1111
302
702
202
800
435
1115
305
709
201
800
435
1119
308
715
201
800
435
1123
311
722
200
800
435
1127
314
728
200
800
435
1131
317
734
200
800
435
1134
320
741
199
800
435
1138
324
747
199
800
435
1141
327
754
199
800
435
1145
330
760
199
800
435
1148
334
767
199
800
435
1151
337
773
199
800
435
1154
340
780
199
800
435
1157
344
786
199
800
435
1160
347
793
199
800
435
1162
351
799
199
800
435
1165
354
806
199
800
435
1167
358
812
200
800
435
1170
361
819
200
800
435
1172
365
825
200
800
435
1174
369
832
201
800
435
1176
372
838
201
800
435
1178
376
845
202
800
435
1180
379
851
203
800
435
1181
383
858
203
800
435
1183
387
864
204
800
435
1184
391
871
205
800
0
1072693248
3228254208
0
2147483648
1
3228261047
0
2755788801
1074778440
5413
536880144
536879512
0
0
1072693248
1133
3587392402
1109882179
35511519
3259077065
934
216
0
3259077065
536880120
2379
2050365367
1062870150
1471154619
3229648852
1078561158
3227585594
3808107103
3206012298
3638277191
1077478101
2639430618
1081798494
0
0
4037041075
1111563373
2662390829
1109811321
4037041075
3259047021
0
0
300435791
3258386591
2662390829
3257294969
800
435
1192
428
934
216
