800
435
1192
438
800
435
1191
442
800
435
1191
446
800
435
1191
450
800
435
1190
453
800
435
1189
457
800
435
1188
461
800
435
1187
465
800
435
1186
469
800
435
1185
472
800
435
1184
476
800
435
1182
480
800
435
1181
483
800
435
1179
487
800
435
1177
491
800
435
1175
494
800
435
1173
498
800
435
1171
502
800
435
1169
505
800
435
1166
509
800
435
1164
512
800
435
1161
516
800
435
1158
519
800
435
1156
523
800
435
1153
526
800
435
1150
530
800
435
1146
533
800
435
1143
537
800
435
1140
540
800
435
1136
543
800
435
1133
546
800
435
1129
550
800
435
1125
553
800
435
1121
556
800
435
1117
559
800
435
1113
562
800
435
1109
565
800
435
1104
568
800
435
1100
571
800
435
1095
574
800
435
1091
577
800
435
1086
580
800
435
1081
582
800
435
1077
585
800
435
1072
588
800
435
1067
590
800
435
1061
593
800
435
1056
596
800
435
1051
598
800
435
1046
601
800
435
1040
603
800
435
1035
605
800
435
1029
608
800
435
1023
610
800
435
1018
612
800
435
1012
614
800
435
1006
616
800
435
1000
618
800
435
994
620
800
435
988
622
800
435
982
624
800
435
976
625
800
435
970
627
800
435
963
629
800
435
957
630
800
435
951
632
800
435
944
633
800
435
938
635
800
435
931
636
800
435
925
637
800
435
918
639
800
435
911
640
800
435
905
641
800
435
898
642
800
435
891
643
800
435
885
644
800
435
878
645
800
435
871
645
800
435
864
646
800
435
857
647
800
435
851
647
800
435
844
648
800
435
837
648
800
435
830
649
800
435
823
649
800
435
816
649
800
435
809
649
800
435
802
650
800
435
795
650
800
435
788
650
800
435
781
650
800
435
775
649
800
435
768
649
800
435
761
649
800
435
754
649
800
435
747
648
800
435
740
648
800
435
733
647
800
435
726
647
800
435
720
646
800
435
713
645
800
435
706
645
800
435
699
644
800
435
693
643
800
435
686
642
800
435
680
641
800
435
673
640
800
435
666
639
800
435
660
637
800
435
653
636
800
435
647
635
800
435
641
633
800
435
634
632
800
435
628
630
800
435
622
629
800
435
616
627
800
435
609
626
800
435
603
624
800
435
597
622
800
435
591
620
800
435
586
618
800
435
580
616
800
435
574
614
800
435
568
612
800
435
563
610
800
435
557
608
800
435
552
606
800
435
546
603
800
435
541
601
800
435
536
599
800
435
530
596
800
435
525
594
800
435
520
591
800
435
515
589
800
435
510
586
800
435
506
584
800
435
501
581
800
435
496
578
800
435
492
575
800
435
487
573
800
435
483
570
800
435
479
567
800
435
475
564
800
435
471
561
800
435
467
558
800
435
463
555
800
435
459
552
800
435
455
549
800
435
452
546
800
435
448
543
800
435
445
539
800
435
441
536
800
435
438
533
800
435
435
530
800
435
432
526
800
435
429
523
800
435
427
520
800
435
424
516
800
435
421
513
800
435
419
509
800
435
417
506
800
435
414
502
800
435
412
499
800
435
410
495
800
435
408
492
800
435
407
488
800
435
405
485
800
435
403
481
800
435
402
478
800
435
400
474
800
435
399
470
800
435
398
467
800
435
397
463
800
435
396
460
800
435
395
456
800
435
395
452
800
435
394
449
800
435
394
445
800
435
393
441
800
435
393
438
800
435
393
434
800
435
393
430
800
435
393
427
800
435
393
423
800
435
394
419
800
435
394
416
800
435
395
412
800
435
396
408
800
435
396
405
800
435
397
401
800
435
398
397
800
435
399
394
800
435
401
390
800
435
402
387
800
435
404
383
800
435
405
380
800
435
407
376
800
435
409
373
800
435
411
369
800
435
413
366
800
435
415
362
800
435
417
359
800
435
419
355
800
435
422
352
800
435
424
348
800
435
427
345
800
435
430
342
800
435
433
338
800
435
436
335
800
435
439
332
800
435
442
329
800
435
445
325
800
435
448
322
800
435
452
319
800
435
455
316
800
435
459
313
800
435
463
310
800
435
467
307
800
435
471
304
800
435
475
301
800
435
479
298
800
435
483
295
800
435
487
292
800
435
492
290
800
435
496
287
800
435
501
284
800
435
505
282
800
435
510
279
800
435
515
276
800
435
520
274
800
435
525
271
800
435
530
269
800
435
535
267
800
435
540
264
800
435
545
262
800
435
551
260
800
435
556
258
800
435
562
255
800
435
567
253
800
435
573
251
800
435
578
249
800
435
584
247
800
435
590
245
800
435
596
244
800
435
602
242
800
435
608
240
800
435
614
238
800
435
620
237
800
435
626
235
800
435
632
234
800
435
638
232
800
435
644
231
800
435
651
230
800
435
657
228
800
435
663
227
800
435
670
226
800
435
676
225
800
435
683
224
800
435
689
223
800
435
696
222
800
435
702
221
800
435
709
220
800
435
716
220
800
435
722
219
800
435
729
218
800
435
736
218
800
435
742
217
800
435
749
217
800
435
756
216
800
435
763
216
800
435
769
216
800
435
776
216
800
435
783
216
800
435
790
215
800
435
797
215
800
435
803
216
800
435
810
216
800
435
817
216
800
435
824
216
800
435
831
216
800
435
837
217
800
435
844
217
800
435
851
218
800
435
858
218
800
435
864
219
800
435
871
220
800
435
878
220
800
435
884
221
800
435
891
222
800
435
898
223
800
435
904
224
800
435
911
225
800
435
917
226
800
435
924
228
800
435
930
229
800
435
937
230
800
435
943
231
800
435
949
233
800
435
955
234
800
435
962
236
800
435
968
238
800
435
974
239
800
435
980
241
800
435
986
243
800
435
992
245
800
435
998
246
800
435
1004
248
800
435
1010
250
800
435
1015
252
800
435
1021
255
800
435
1027
257
800
435
1032
259
800
435
1038
261
800
435
1043
264
800
435
1048
266
800
435
1054
268
800
435
1059
271
800
435
1064
273
800
435
1069
276
800
435
1074
279
800
435
1079
281
800
435
1084
284
800
435
1088
287
800
435
1093
290
800
435
1097
292
800
435
1102
295
800
435
1106
298
800
435
1110
301
800
435
1114
304
800
435
1118
307
800
435
1122
310
800
435
1126
313
800
435
1130
317
800
435
1134
320
800
435
1137
323
800
435
1141
326
800
435
1144
330
800
435
1147
333
800
435
1150
336
800
435
1153
340
800
435
1156
343
800
435
1159
347
800
435
1162
350
800
435
1164
354
800
435
1167
357
800
435
1169
361
800
435
1172
364
800
435
1174
368
800
435
1176
372
800
435
1178
375
800
435
1179
379
800
435
1181
383
800
435
1183
386
800
435
1184
390
800
435
1185
394
800
435
1186
397
800
435
1188
401
800
435
1188
405
800
435
1189
409
800
435
1190
412
800
435
1191
416
800
435
1191
420
800
435
1191
424
800
435
1192
428
799
435
1192
431
