1651 9 20000000 0 88e 16
138.6733733051079
147052375820.7791
177066570453.501
6.590321879825118e-008
2617920000.000013
2592009998.215297
416.0404153512291
146960798718.3159
177003388245.6911
2.465420146777849
5235024782.274542
5183547589.347883
832.0759498677926
146823437978.0225
176908622300.48
9.863082798498661
7850498662.26865
7774160352.3168
1386.709260114702
146640316937.6514
176782289579.6235
24.66031843812318
10463525783.66864
10363386082.01147
2079.824039688514
146411474003.7807
176624416074.1494
49.32406762264523
13073290414.46506
12950763020.91725
2911.258363022349
146136962661.8369
176435036788.0964
86.3199808474813
15678977243.84697
15535830090.30597
3880.804675689217
145816851479.6178
176214195714.593
138.1115163653192
18279771679.76442
18118127120.68487
4988.209804603427
145451224104.284
175961945804.3171
207.1590365307141
20874860146.99476
20697195081.19924
6233.174988199462
145040179252.7911
175678348926.393
295.9189031800448
23463430385.54663
23272576307.68657
7615.355926652273
144583830695.7413
175363475821.7956
406.8425725601298
26044671749.23461
25843814729.0829
9134.362852187342
144082307234.637
175017406049.3467
542.3756903219456
28617775504.25603
28410456091.88656
10789.76061951307
143535752672.5238
174640227924.4014
704.9571870984707
31181935127.60078
30972048182.38884
12581.06881639219
142944325778.0165
174232038450.337
897.0183751877025
33736346605.12411
33528141046.38678
14507.76189435293
142308200242.7066
173792943242.9685
1120.982046863347
36280208729.11185
36078287206.09936
16569.26931952449
141627564631.9541
173323056448.0299
1379.261574836557
38812723395.16719
38622041874.01547
18764.97574356546
140902622329.0722
172822500651.8697
1674.260015392399
41333095898.24783
41158963163.40916
21094.22119463742
140133591472.9197
172291406785.5231
2008.36921472445
43840535227.68242
43688612295.26621
23556.30128836007
139320704888.9188
171729914022.3344
2383.968918990054
46334254360.99529
46210553801.37455
26150.46745866782
138464210013.5242
171138169669.3118
2803.425888607343
48813470556.36904
48724355723.34065
28875.92720847189
137564368812.1717
170516329052.4097
3269.093017313084
51277405643.57473
51229589807.30338
31731.84438001589
136621457690.742
169864555395.9412
3783.308456497809
53725286313.2006
53725831694.1277
34717.33944479672
135635767400.5796
169183019696.3319
4348.39474533151
56156344404.01083
56212661104.87089
37831.48981290715
134607602937.1112
168471900590.4373
4966.657947189421
58569817188.2672
58689662021.32545
41073.33016164036
133537283432.1155
167731384218.6483
5640.38679288306
60964947654.84757
61156422861.45419
44441.85278318146
132425142039.6983
166961664083.0231
6371.85183119685
63340984789.99688
63612536649.54491
47936.00795119548
131271525816.0335
166162940900.6827
7163.304587225163
65697183855.54775
66057601180.92429
51554.70430610637
130076795592.9369
165335422452.7179
8016.976728998642
68032806664.4498
68491219181.08266
55296.80925884634
128841325845.3411
164479323428.8584
8935.07924288213
70347121853.44869
70912998459.07439
59161.14941284043
127565504552.7484
163594865268.1583
9919.801618219466
72639405152.75824
73322552055.0705
63146.51100397668
126249733054.7402
162682275995.9559
10973.31104169283
74908939652.5712
75719498381.95369
67251.64035829825
124894425900.6288
161741790057.3701
12097.75160185621
77155016066.25682
78103461360.85809
71475.24436713984
123500010693.3398
160773648147.5931
13295.24350429405
79376932990.09615
80474070550.56923
75815.99097941753
122066927927.6194
159778097039.2468
14567.88229784697
81573997159.40877
82830961270.71225
80272.50971076783
120595630822.6638
158755389407.0639
15917.73811233701
83745523700.92766
85173774718.66931
84843.39216921902
119086585149.2745
157705783650.1605
17346.85490821491
85890836381.28221
87502158080.17931
89527.1925970656
117540269051.6437
156629543712.1623
18857.2497385413
88009267851.45252
89815764633.58574
94322.4284286045
115957172863.8821
155526938899.4471
20450.91202370322
90100159887.0616
92114253847.71066
99227.58086338022
114337798921.403
154398243697.7642
22129.80283925583
92162863624.37602
94397291473.34448
104241.095454575
112682661367.2794
153243737587.4863
23895.85421726765
94196739791.88864
96664549628.35324
109361.3827121693
110992285953.6975
152063704857.752
25750.96846153592
96201158937.36151
98915706876.41637
114586.8187204877
109267209838.6311
150858434419.7454
27697.01747702595
98175501650.21069
101150448299.4189
119915.7457697358
107507981377.8639
149628219619.363
29735.84211387612
100119158779.1188
103368465563.5332
125346.4730011235
105715159912.4937
148373358049.5079
31869.25152629682
102031531644.7653
105569456979.0347
130877.277065163
103889315552.0509
147094151362.2488
34099.02254667886
103912032247.5693
107753127553.9078
136506.4027927195
102031028953.3699
145790905081.0747
36426.89907521295
105760083470.3427
109919189041.3061
142232.0638783861
100140891095.3523
144463928413.4721
38854.5914853084
107575119275.7582
112067359980.9404
148052.4435757475
98219503049.76621
143113534064.0411
41383.77604508511
109356584898.538
114197365734.4778
153965.695404088
96267475748.22372
141740038048.3669
44016.09435519891
111103937032.2776
116308938515.0429
159969.9438660973
94285429745.4868
140343759507.8479
46753.15280324574
112816644010.8203
118401817410.9184
166063.2851761164
92273994979.24782
138925020525.6823
49596.52203497597
114494185984.1045
120475748403.5521
172243.7879984659
90233810526.53711
137484145944.2028
52547.73644253529
116136055088.4103
122530484379.9838
178509.4941953918
88165524356.90932
136021463183.7428
55608.29366993411
117741755610.9367
124565785139.8086
184858.4195841592
86069793082.56255
134537302063.2095
58779.6541359323
119310804148.6464
126581417396.8045
191288.5547028228
83947281705.54552
133031994622.5329
62063.24057451164
120842729761.3172
128577154775.3533
197797.8655841988
81798663362.20886
131505874947.1487
65460.43759309294
122337074118.7489
130552777801.7896
204384.2945375606
79624619065.05774
129959278994.6672
68972.59124864025
123793391642.0735
132508073890.8191
211045.7609375782
77425837442.16376
128392544423.872
72601.00864177941
125211249639.1274
134442837327.1489
217780.1620200218
75203014474.29451
126806010426.1827
76346.95752904326
126590228433.8444
136356869242.4767
224585.3736837464
72956853229.91975
125200017559.7086
80211.66595334112
127929921489.6359
138249977587.9911
231459.2512984758
70688063598.25319
123574907586.0125
84196.32189273502
129229935526.7291
140121977102.5331
238399.6305179042
68397362020.48899
121931023309.694
88302.07292759072
130489890633.4383
141972689276.5766
245404.3280976342
66085471219.3921
120268708420.8954
92530.02592615661
131709420371.3498
143801942312.1823
252471.1427174709
63753119927.40093
118588307340.8234
96881.24674860938
132888171874.4055
145609571079.0853
259597.8558075928
61401042613.40079
116890165070.3739
101356.7599695907
134025805941.8756
147395417067.0742
266782.2323781258
59029979208.3256
115174627041.937
105957.5486192446
135121997125.214
149159328334.8213
274022.0218516434
56640674829.74471
113442038974.4544
110684.5539427527
136176433808.7971
150901159455.3248
281314.9588981251
54233879505.59072
111692746731.7904
115538.6751783475
137188818284.5489
152620771458.1219
288658.764271905
51810347897.1832
109927096184.4739
120520.7693537745
138158866820.4619
154318031768.4316
296051.1456501475
49370839021.70168
108145433074.8588
125631.651101156
139086309723.0257
155992814143.387
303489.798472392
46916115974.26028
106348102885.7456
130872.0924901998
139970891393.5817
157644998605.5134
310972.4067807128
44446945649.73448
104535450712.4964
136242.8228796816
140812370378.6252
159274471373.6081
318496.6440600454
41964098464.48909
102707821138.6747
141744.5287871159
141610519414.0816
160881124791.1766
326060.1740782366
39468348078.15453
100865558115.229
147377.853776521
142365125463.5852
162464857252.5771
333660.6517253818
36960471115.5968
99009004843.23673
153143.3983641687
143075989750.7968
164025573127.0242
341295.7238520188
34441246889.22414
97138503660.21855
159041.7199421983
143742927785.7975
165563182680.5985
348963.0301057542
31911457121.7717
95254395930.02599
165073.3327199644
144365769385.6
167077601996.4087
356660.203765906
29371885669.70267
93357021936.30151
171238.7076829741
144944358688.8247
168568752893.048
364384.8725757535
26823318247.36257
91446720779.50412
177538.2725692617
145478554164.5885
170036562841.4837
372134.6595719912
24266542152.02026
89523830277.48851
183972.4118630347
145968228615.6605
171480964880.5188
379907.1839109954
21702345989.92725
87588686869.62158
190541.4668054191
146413269175.9403
172901897530.9562
387700.0616915156
19131519403.52375
85641625524.41518
197245.7354221181
146813577302.3192
174299304708.5979
395510.9067734159
16554852799.91739
83682979650.6499
204085.4725677917
147169068760.9858
175673135636.2045
403337.3315920956
13973137080.75753
81713081011.96086
211060.8899869539
147479673608.2439
177023344754.5381
411176.9479682323
11387163373.62548
79732259644.85217
218172.1563911774
147745336165.9101
178349891632.6094
419027.3679124947
8797722765.057314
77740843780.104
225419.3975523858
147966014991.3628
179652740877.243
426886.2044248855
6205606035.313776
75739159767.53212
232802.6964120053
148141682842.318
180931862042.075
434751.072288383
3611603395.007818
73727532004.05722
240322.093205742
148272326636.4078
182187229536.0893
442619.5888565582
1016504223.697739
71706282865.03833
247977.5856037426
148357947405.6403
183418822531.7995
450489.374834857
-1578903189.449628
69675732638.82188
255769.1288658898
148398560245.825
184626624873.1749
458358.0550552434
-4173831902.824394
67636199464.45586
263696.6360119763
148394194261.0439
185810624983.4094
466223.2592439131
-6767496577.269787
65587999272.51595
271759.9780064985
148344892503.2573
186970815772.6259
474082.6227817938
-9359113728.614374
63531445728.98886
279958.9839578014
148250711907.1297
188107194545.6051
481933.7874575619
-11947901977.74905
61466850182.15606
288293.4413313041
148111723220.1667
189219762909.6257
489774.4022129115
-14533082298.1609
59394521612.4196
296763.0961765292
147928010928.2524
190308526682.496
497602.1238798259
-17113878260.83937
57314766585.01024
305367.6533676547
147699673176.6817
191373495800.8573
505414.6179096099
-19689516276.47371
55227889205.51682
314106.7768573042
147426821686.78
192414684228.8317
513209.5590934511
-22259225834.86398
53134191078.17487
322980.0899432871
147109581668.2059
193432109867.086
520984.6322742903
-24822239741.47128
51033971266.85138
331987.1755479964
146748091727.0338
194425794462.3798
528737.5330497903
-27377794351.03639
48927526258.66186
341127.576510169
146342503769.7127
195395763517.6599
536465.9684662023
-29925129798.19945
46815149930.15547
350400.7958887133
145892982902.9996
196342046202.7624
544167.657702941
-32463490225.05636
44697133516.0032
359806.2972783029
145399707329.9682
197264675265.7803
551840.3327476877
-34992124005.59152
42573765580.1239
369343.5051364362
144862868242.1889
198163686945.1479
559481.7390618514
-37510283966.92938
40445331989.18281
379011.8051216594
144282669708.1845
199039120882.4951
567089.6362362296
-40017227607.35078
38312115888.39699
388810.5444426487
143659328558.258
199891020036.3164
574661.7986367168
-42512217311.02365
36174397679.58223
398739.0322178482
142993074265.7969
200719430596.5015
582196.0160399233
-44994520559.40027
34032455001.37604
408796.5398453582
142284148825.1523
201524401899.7653
589690.0942585712
-47463410139.23724
31886562711.57158
418982.3013827681
141532806626.1952
202305986346.0191
597141.8557565495
-49918164347.19708
29736992871.49785
429295.5139366307
140739314325.6514
203064239315.7161
604549.1402535157
-52358067190.99347
27584014732.38159
439735.3380612726
139903950715.3141
203799219088.204
611909.8053189418
-54782408587.04582
25427894723.62719
450300.8981666373
139027006587.2375
204510986761.1165
619221.7269555135
-57190484554.61107
23268896442.95123
460991.282934859
138108784596.0089
205199606170.8286
626482.8001717969
-59581597406.36452
21107280648.30904
471805.5457452646
137149599118.2023
205865143814.0039
633690.9395441008
-61955055935.40371
18943305251.55132
482742.705107507
136149776109.1098
206507668770.2522
640844.0797674644
-64310175598.65284
16777225313.74967
493801.7451025292
135109652956.8523
207127252625.9229
647940.1761957179
-66646278696.64769
14609293042.13088
504981.6158310662
134029578333.9661
207723969399.0472
654977.2053705619
-68962694549.68399
12439757788.56021
516281.2338693888
132909912046.5638
208297895465.4488
661953.1655396291
-71258759670.31487
10268866049.51557
527699.482732002
131751024881.1645
208849109486.0353
668866.0771634909
-73533817932.18561
8096861467.49468
539235.2133410078
130553298449.2912
209377692335.2821
675713.9834115875
-75787220735.19675
5923984833.798998
550887.2445018478
129317125029.9282
209883727030.92
682494.950647061
-78018327166.98865
3750474092.638724
562654.363385146
128042907409.9335
210367298664.834
689207.0689004826
-80226504160.74379
1576564346.504565
574535.3260143715
126731058722.4972
210828494335.179
695848.4523324702
-82411126649.30475
-597512137.2471008
586528.8577590472
125382002283.7387
211267403079.7203
702417.2396852004
-84571577715.60864
-2771525918.647849
598633.653833235
123996171427.5326
211684115810.3982
708911.5947228248
-86707248739.44083
-4945250376.260714
610848.3797990286
122574009338.6509
212078725249.1223
715329.7066608078
-88817539540.51282
-7118461697.263498
623171.6720747924
121115968884.3105
212451325864.794
721669.7905842102
-90901858517.87177
-9290938866.520651
635602.1384478879
119622512444.2115
212802013811.5563
727930.0878549453
-92959622785.65038
-11462463654.69131
648138.3585916325
118094111739.1505
213130886868.2704
734108.8665080461
-94990258305.16864
-13632820605.41997
660778.8845862421
116531247658.2932
213438044379.2141
740204.4216369808
-96993200013.40028
-15801797021.65496
673522.2414435117
114934410085.1869
213723587195.9989
746215.075768066
-98967891947.81874
-17969182951.13888
686366.9276349925
113304097722.5939
213987617620.6993
752139.1792240256
-100913787367.6392
-20134771171.11381
699311.415623432
111640817916.2234
214230239350.189
757975.1104767553
-102830348871.4751
-22298357172.28309
712354.1523972445
109945086477.4405
214451557421.6757
763721.27648935
-104717048511.4285
-24459739142.07013
725493.560007786
108217427505.0251
214651678159.4271
769376.1130474627
-106573367903.6361
-26618717947.21372
738728.0361092144
106458373206.0575
214830709122.6783
774938.0850800619
-108398798335.2933
-28775097115.73803
752055.9545007168
104668463715.9997
214988759054.7117
780405.686969664
-110192840868.1806
-30928682818.33431
765475.6656708946
102848246918.0449
215125937833.0973
785777.4428521153
-111955006438.7176
-33079283849.19047
778985.4973441009
100998278261.8023
215242356421.0851
791051.9069060079
-113684815954.5714
-35226711606.30304
792583.7550285292
99119120581.38515
215338126820.1345
796227.663631812
-115381800387.8468
-37370780071.30557
806268.7225658589
97211343912.96626
215413362023.5712
801303.3281208123
-117045500864.8878
-39511305788.84586
820038.6626822667
95275525311.86513
215468175971.357
806277.5463139416
-118675468752.7194
-41648107845.54369
833891.8175406213
93312248669.22759
215502683505.9603
811148.9952506021
-120271265742.1613
-43781007848.55949
847826.4092936801
91322104528.35834
215517000329.3127
815916.383307573
-121832463927.6441
-45909829903.80355
861840.6406381152
89305689900.76434
215511242960.8387
820578.4504281011
-123358645883.7619
-48034400593.81391
875932.6953691992
87263608081.96529
215485528696.5434
825133.9683412762
-124849404738.5929
-50154548955.33072
890100.7389359872
85196468467.1259
215439975569.143
829581.7407717933
-126304344243.8233
-52270106456.59319
904342.918996839
83104886366.56297
215374702309.2246
833920.6036402064
-127723078841.7075
-54380906974.38486
918657.3659751241
80989482821.17809
215289828307.4182
838149.4252537792
-129105233728.9004
-56486786770.85148
933042.1936149668
78850884417.86559
215185473577.5677
842267.1064880408
-130450444917.1981
-58587584470.11534
947495.4995368848
76689723104.94348
215061758720.882
846272.5809591544
-131758359291.2206
-60683141034.70857
962015.3657931858
74506636007.65308
214918804891.0548
850164.8151872091
-133028634663.0745
-62773299741.84732
976599.8594229885
72302265243.77194
214756733760.3325
853942.8087505448
-134260939824.0327
-64857906159.56771
991247.0330067424
70077257739.38258
214575667486.5184
857605.5944312218
-135454954593.2654
-66936808122.74374
1005954.925220121
67832265044.83792
214375728680.894
861152.2383517467
-136610369863.6623
-69009855709.00636
1020721.561387175
65567943150.96288
214157040377.0427
864581.8401031663
-137726887644.7807
-71076901214.58225
1035544.954032627
63284952305.52987
213919726000.5603
867893.5328646429
-138804221102.9587
-73137799130.06993
1050423.103433205
60983956830.04426
213663909339.6346
871086.4835146222
-139842094598.6287
-75192406116.17036
1065353.998167909
58665624936.87442
213389714516.4791
874159.8927337064
-140840243720.8703
-77240580979.38796
1080335.615667115
56330628546.75939
213097265959.6041
877112.9950993456
-141798415319.2383
-79282184647.71771
1095365.922760414
53979643106.72572
212786688376.91
879945.0591724574
-142716367532.9037
-81317080146.33324
1110442.87622311
51613347408.4434
212458106729.5853
882655.3875760883
-143593869817.144
-83345132573.28967
1125564.423321275
49232423407.04968
212111646206.7948
885243.3170662248
-144430702967.22
-85366209075.25516
1140728.502355298
46837556040.46761
211747432201.1415
887708.2185948662
-145226659139.675
-87380178823.28348
1155933.043201838
44429433049.2454
211365590284.8864
890049.497365468
-145981541871.0928
-89386912988.64035
1171175.96785411
42008744796.94058
210966246186.911
892266.5928808613
-146695166094.3506
-91386284718.69469
1186455.190960445
39576184091.07239
210549525770.406
894358.9789837594
-147367358152.4014
-93378169112.88612
1201768.620361046
37132446004.66376
210115555011.2728
896326.1638899536
-147997955809.6222
-95362443198.77913
1217114.157622893
34678227698.39363
209664459977.2201
898167.690214304
-148586808260.7613
-97338985908.21375
1232489.698572722
32214228243.37863
209196366807.5424
899883.134989629
-149133776137.5202
-99307678053.56232
1247893.133828043
29741148444.60215
208711401693.5649
901472.1096785935
-149638731512.8026
-101268402304.1011
1263322.349326141
27259690665.00774
208209690859.7396
902934.2601786966
-150101557902.6643
-103221043162.5053
1278775.226851001
24770558650.27242
207691360545.3791
904269.2668204575
-150522150265.9966
-105165486941.4752
1294249.644558134
22274457354.27456
207156536987.0127
905476.8443588942
-150900415001.9754
-107101621740.5014
1309743.477497251
19772092765.26979
206605346401.3507
906556.7419583916
-151236269945.306
-109029337422.7756
1325254.598132746
17264171732.78754
206037914968.8443
907508.743171051
-151529644359.2971
-110948525592.2538
1340780.87686197
14751401795.2597
205454368817.8249
908332.6659086106
-151780478926.7908
-112859079570.8787
1356320.182531237
12234491008.39179
204854834009.2116
909028.3624080274
-151988725738.9815
-114760894375.9664
1371870.382949571
9714147774.286596
204239436521.7717
909595.7191908066
-152154348282.1489
-116653866697.7624
1387429.345400128
7191080671.32869
203608302237.9221
910034.6570161611
-152277321422.3368
-118537894877.1741
1402994.9371493
4665998284.837996
202961556930.0581
910345.1308280863
-152357631388.0012
-120412878883.6818
1418565.025953469
2139609038.499375
202299326247.3971
910527.1296964272
-152395275750.6582
-122278720293.4349
1434137.480563388
-387378973.4253712
201621735703.3245
910580.6767520172
-152390263403.5534
-124135322267.5358
1449710.171226178
-2914258153.097501
200928910663.2292
910505.8291159633
-152342614538.3817
-125982589530.5163
1465280.970184933
-5440321565.30839
200220976332.8172
910302.6778231495
-152252360620.0783
-127820428349.0096
1480847.752175904
-7964863102.889401
199498057746.8906
909971.3477400306
-152119544359.7067
-129648746510.6206
1496408.394923266
-10487177651.32092
198760279758.5815
909511.9974767827
-151944219685.4652
-131467453302.9987
1511960.779631454
-13006561252.53746
198007767029.0273
908924.8192938763
-151726451711.8335
-133276459493.1144
1527502.791475059
-15522311267.92638
197240644017.4786
908210.0390031352
-151466316706.8809
-135075677306.7429
1543032.320086287
-18033726540.51805
196459034971.8262
907367.9158633406
-151163902057.7559
-136865020408.1564
1558547.26003996
-20540107556.36611
195663063919.5389
906398.7424704396
-150819306234.3758
-138644403880.0278
1574045.511336072
-23040756605.11648
194852854658.9984
905302.8446424111
-150432638751.3358
-140413744203.5465
1589524.979879895
-25534977939.76451
194028530751.2245
904080.5812988438
-150004020128.054
-142172959238.7485
1604983.577959625
-28022077935.5999
193190215511.9765
902732.344335275
-149533581847.1698
-143921968205.0624
1620419.224721579
-30501365248.33919
192338032004.2246
901258.5584923378
-149021466311.2107
-145660691662.0708
1635829.846642939
-32972150971.44615
191472103030.9782
899659.6812197616
-148467826797.5424
-147389051490.4905
1651213.378002044
-35433748792.6405
190592551128.4634
897936.2025352677
-147872827411.6175
-149106970873.3702
1666567.761346235
-37885475149.59561
189699498559.6408
896088.6448783996
-147236643038.5337
-150814374277.507
1681890.947957254
-40326649384.82594
188793067308.0518
894117.562959325
-146559459292.9158
-152511187435.0827
1697180.898314202
-42756593899.76533
187873379071.9873
892023.5436026442
-145841472467.1321
-154197337325.519
1712435.582554056
-45174634308.03712
186940555258.9688
889807.205586235
-145082889477.8553
-155872752157.5533
1727652.980929754
-47580099587.91718
185994716980.5324
887469.1994751656
-144283927810.9786
-157537361351.533
1742831.084265844
-49972322233.99115
185035985047.3089
885010.2074506996
-143444815464.8952
-159191095521.9309
1757967.894411713
-52350638408.00687
184064479964.391
882430.9431344197
-142565790892.149
-160833886460.0785
1773061.424692384
-54714388088.9233
183080321926.9796
879732.1514074891
-141647102939.4641
-162465667117.1195
1788109.7003569
-57062915222.15678
182083630816.3008
876914.6082250712
-140689010786.1603
-164086371587.1813
1803110.759024285
-59395567868.02567
181074526195.7876
873979.1204259242
-139691783880.9575
-165695935090.7644
1818062.651127093
-61711698349.39423
180053127307.5169
870926.5255371836
-138655701877.1767
-167294293958.3493
1832963.440352545
-64010663398.51608
179019553068.8953
867757.691574346
-137581054566.3398
-168881385614.2203
1847811.204081252
-66291824303.07797
177973922069.5871
864473.5168364617
-136468141810.1715
-170457148560.504
1862604.033823533
-68554547051.44383
176916352568.6766
861074.9296965448
-135317273471.0064
-172021522361.4243
1877340.035653315
-70798202477.09898
175846962492.0583
857562.8883872043
-134128769340.6021
-173574447627.7691
1892017.330639629
-73022166402.29424
174765869430.0487
853938.3807815
-132902959067.3595
-175115866001.5716
1906634.05527569
-75225819780.88898
173673190635.2124
850202.4241690228
-131640182081.9504
-176645720141.0022
1921188.361905557
-77408548840.39223
172569043020.3969
846356.0650271968
-130340787521.3519
-178163953705.4709
1935678.419148375
-79569745223.20012
171453543156.97
842400.378787801
-129005134151.2859
-179670511340.9388
1950102.412320195
-81708806127.02785
170326807273.2527
838336.4695987038
-127633590287.0629
-181165338665.4378
1964458.543853352
-83825134444.53369
169188951253.1435
834165.4700808015
-126226533712.8252
-182648382254.7964
1978745.033713406
-85918138902.13232
168040090634.9269
829888.5410801526
-124784351599.1893
-184119589628.5704
1992960.119813631
-87987234197.99385
166880340610.2611
825506.8714152952
-123307440419.2802
-185578909236.1776
2007102.058427042
-90031841139.22473
165709816023.3394
821021.6776197332
-121796205863.1568
-187026290443.2339
2021169.124595939
-92051386778.22612
164528631370.22
816434.2036795778
-120251062750.6195
-188461683518.0907
2035159.612538967
-94045304548.2244
163336900798.3199
811745.720766326
-118672434942.3974
-189885039618.5709
2049071.836055659
-96013034397.96826
162134738106.0657
806957.526964757
-117060755249.7074
-191296310778.9017
2062904.128928459
-97954022925.58592
160922256742.6993
802070.946995929
-115416465342.1789
-192695449896.8444
2076654.845322192
-99867723511.59541
159699569808.2307
797087.3319352506
-113740015654.1366
-194082410721.0169
2090322.360180958
-101753596451.0602
158466790053.5366
792008.0589256076
-112031865289.2348
-195457147838.4094
2103905.069622434
-103611109084.8815
157224029880.5968
786834.5308855196
-110292481923.4333
-196819616662.0908
2117401.391329553
-105439735930.2186
155971401342.8671
781568.1762122994
-108522341706.3086
-198169773419.1035
2130809.764939519
-107238958810.0259
154709016145.7819
776210.4484801908
-106721929160.6893
-199507575138.5458
2144128.652430142
-109008266981.6979
153436985647.3849
770762.8261334561
-104891737080.6087
-200832979639.8402
2157356.538503448
-110747157264.8079
152155420859.0808
765226.8121743832
-103032266427.5631
-202145945521.1843
2170491.930966531
-112455134167.9309
150864432446.5073
759603.9338461856
-101144026225.0674
-203446432148.1851
2183533.361109606
-114131710014.5345
149564130730.5209
753895.7423107623
-99227533451.4968
-204734399642.672
2196479.384081215
-115776405067.9254
148254625688.2945
748103.8123212879
-97283312931.20514
-206009808871.6895
2209328.579260553
-117388747655.2361
146936026954.5223
742229.7418896003
-95311897223.90904
-207272621436.6656
2222079.550626856
-118968274290.4353
145608443822.729
736275.1519483547
-93313826512.32681
-208522799662.7554
2234730.9271258
-120514529796.3454
144271985246.679
730241.6860079109
-91289648488.06183
-209760306588.3579
2247281.363032863
-122027067425.6485
142926759841.884
724131.009807921
-89239918235.71909
-210985105954.8035
2259729.538313592
-123505448980.8634
141572875887.2036
717944.8109635845
-87165198115.24414
-212197162196.2116
2272074.15898071
-124949244933.2724
140210441326.5377
711684.7986065368
-85066057642.4733
-213396440429.515
2284313.957448006
-126358034540.777
138839563770.6058
705352.7030203405
-82943073367.88413
-214582906444.6513
2296447.692880943
-127731405964.6617
137460350498.8125
698950.2752705433
-80796828753.53531
-215756526694.9175
2308474.15154391
-129068956385.2422
136072908461.194
692479.2868292716
-78627914048.18494
-216917268287.4874
2320392.147144047
-130370292116.3737
134677344280.444
685941.529194328
-76436926160.57655
-218065098974.089
2332200.521171572
-131635028718.795
133273764254.017
679338.813502759
-74224468530.88236
-219199987141.8417
2343898.143236535
-132862791112.2818
131862274356.3042
672672.9701388633
-71991151000.29311
-220321901804.2494
2355483.9114019
-134053213686.5823
130442980240.8818
665945.8483366098
-69737589678.7448
-221430812592.3499
2366956.752512892
-135205940411.1068
129015987242.8276
659159.315776435
-67464406810.77197
-222526689746.0175
2378315.622522508
-136320624943.342
127581400381.1042
652315.2581763918
-65172230639.47851
-223609504105.4173
2389559.506813103
-137396930735.959
126139324361.0063
645415.5788776228
-62861695268.61643
-224679227102.6101
2400687.420513958
-138434531142.5848
124689863576.6698
638462.1984241305
-60533440522.76427
-225735830753.3055
2411698.408814735
-139433109522.2029
123233122113.6407
631457.0541368198
-58188111805.59651
-226779287648.7619
2422591.547274706
-140392359342.1516
121769203751.5009
624402.0996817916
-55826359956.23659
-227809570947.8322
2433365.94212767
-141311984279.6822
120298211966.5505
617299.304632862
-53448841103.68601
-228826654369.1517
2444020.730582432
-142191698322.0439
118820249934.5421
610150.6540282904
-51056216519.32324
-229830512183.4698
2454555.081118744
-143031225865.0574
117335420533.4681
602958.1479216979
-48649152467.4661
-230821119206.1204
2464968.193778592
-143830301810.138
115843826346.3959
595723.8009271586
-46228320053.99278
-231798450789.6315
2475259.300452706
-144588671659.7311
114345569664.3524
588449.6417584515
-43794395073.0165
-232762482816.4725
2485427.665162182
-145306091611.1175
112840752489.2532
581137.712762462
-41348057851.6105
-233713191691.9365
2495472.584335077
-145982328648.5497
111329476536.877
573790.0694467227
-38889993092.58015
-234650554337.1565
2505393.387077864
-146617160633.674
109811843239.8816
566408.7800010892
-36420889715.28021
-235574548182.2545
2515189.435441614
-147210376394.1973
108287953750.8619
558995.9248135453
-33941440694.4762
-236485151159.6217
2524860.124682758
-147761775810.752
106757908945.446
551553.5959801396
-31452342897.24981
-237382341697.3279
2534404.883518312
-148271169901.9161
105221809425.4307
544083.896809054
-28954296917.94896
-238266098712.6589
2543823.174375411
-148738380907.3382
103679755521.9519
536588.9413188117
-26448006911.1849
-239136401605.7812
2553114.493635011
-149163242368.9237
102131847298.6908
529070.853730633
-23934180422.87913
-239993230253.5307
2562278.371869623
-149545599210.0307
100578184555.1135
521531.7679549513
-21413528219.36452
-240836565003.3268
2571314.374074915
-149885307812.6278
99018866829.74297
513973.8270721073
-18886764114.54622
-241666386667.2072
2580222.099895046
-150182236092.3629
97453993403.46153
506399.1828072402
-16354604795.129
-242482676515.985
2589001.183841561
-150436263571.4905
95883663302.84358
498809.9949994011
-13817769643.91924
-243285416273.525
2597651.295505715
-150647281449.6078
94307975303.51646
491208.4310649165
-11276980561.21092
-244074588111.1384
2606172.13976403
-150815192672.1437
92727027933.54881
483596.6654550347
-8732961784.266615
-244850174642.0947
2614563.456976966
-150939911996.5489
91140919476.86504
475976.8791078924
-6186439704.90584
-245612158916.2492
2622825.023180502
-151021366056.1309
89549747976.68495
468351.2588948428
-3638142685.214514
-246360524414.7853
2630956.650270493
-151059493421.4796
87953611238.98735
460721.9970611916
-1088800871.391148
-247095255045.0696
2638958.186179607
-151054244659.4265
86352606835.99669
453091.2906613929
1460853994.253291
-247816335135.62
2646829.515046694
-151005582389.4813
84746832109.69177
445461.3409887592
4010088763.123082
-248523749431.1838
2654570.557378399
-150913481337.6874
83136384175.33545
437834.3529997494
6558169071.972614
-249217483087.9257
2662181.27020285
-150777928387.8393
81521359925.02454
430212.5347328991
9104359536.326216
-249897521668.7247
2669661.647215249
-150598922630.0028
79901856031.2589
422598.0967224662
11647923945.65901
-250563851138.5781
2677011.718915176
-150376475406.2785
78277968950.52899
414993.2514068696
14188125460.31296
-251216457860.1121
2684231.552735444
-150110610353.7493
76649794926.92093
407400.2125320027
16724226810.12045
-251855328589.1971
2691321.25316231
-149801363444.552
75017429995.73825
399821.1945495126
19255490494.70575
-252480450470.6681
2698280.961846868
-149448783023.0124
73380969987.13973
392258.4120101381
21781178985.43285
-253091811034.1469
2705110.857707438
-149052929839.7831
71740510529.79233
384714.0789522074
24300554928.96601
-253689398189.9676
2711811.157022777
-148613877082.9233
70096147054.5387
377190.4082854038
26812881352.4075
-254273200225.2026
2718382.113515912
-148131710405.8596
68447974798.07838
369689.6111699116
29317421869.9748
-254843205799.7887
2724824.018428427
-147606527952.1662
66796088806.66224
362213.8963910609
31813440891.17742
-255399403942.7526
2731137.200585015
-147038440377.1035
65140583939.79919
354765.4697295987
34300203830.45145
-255941784048.5343
2737322.026448106
-146427570865.8538
63481554873.97494
347346.5333277184
36776977318.20777
-256470335873.4079
2743378.900162392
-145774055148.3926
61819096106.38177
339959.2850509859
39243029413.24746
-256985049531.9992
2749308.263589065
-145078041510.935
60153301958.65907
332605.917846309
41697629816.49598
-257485915493.8979
2755110.596329587
-144339690803.8962
58484266580.64389
325288.6190961024
44140050086.00527
-257972924580.3653
2760786.415738806
-143559176446.305
56812083954.13098
318009.5699688076
46569563853.17068
-258446067961.1357
2766336.276927242
-142736684426.611
55136847896.64187
310770.9447659342
48985447040.1073
-258905337151.3102
2771760.772752356
-141872413299.8249
53458652065.2024
303574.9102657958
51386978078.12814
-259350724008.3435
2777060.533798638
-140966574180.9342
51777589960.12826
296423.6250641203
53773438127.26383
-259782220729.122
2782236.228346323
-140019390734.5331
50093754928.81801
289319.2389117233
56144111296.76179
-260199819847.132
2787288.56232857
-139031099160.6122
48407240169.5532
282263.8920494373
58498284866.49979
-260603514229.7186
2792218.27927693
-138001948176.4473
46718138735.30508
275259.7145405001
60835249509.24706
-260993297075.4336
2797026.160254939
-136932198994.5338
45026543537.54751
268308.8256006091
63154299513.70323
-261369161911.4719
2801713.023779652
-135822125296.51
43332547350.07566
261413.3329258589
65454733008.24341
-261731102591.1961
2806279.725730988
-134672013203.0151
41636242812.83009
254575.3320187849
67735852185.295
-262079113291.748
2810727.159248689
-133482161239.4298
39937722435.72582
247796.9055127421
69996963526.26978
-262413188511.747
2815056.254616763
-132252880297.4459
38237078602.48605
241080.1224948569
72237378026.97217
-262733323069.0747
2819267.979135252
-130984493592.4151
36534403574.48017
234427.0378277965
74456411423.40242
-263039512098.7444
2823363.33697917
-129677336616.4293
34829789494.56569
227839.6914706066
76653384417.87103
-263331751050.8562
2827343.36904448
-128331757087.081
33123328390.93374
221320.107798875
78827622905.33833
-263610035688.636
2831209.15278096
-126948114891.8618
31415112180.95791
214870.2949244883
80978458199.89116
-263874362086.5586
2834961.802011835
-125526782028.1516
29705232675.04604
208492.2440152513
83105227261.26579
-264124726628.5539
2838602.466740032
-124068142538.7573
27993781580.49464
202187.9286146491
85207272921.32455
-264361126006.2958
2842132.332940959
-122572592442.9594
26280850505.34575
195959.3039620376
87283944110.39098
-264583557217.5746
2845552.622341665
-121040539663.0285
24566530962.24583
189808.3063135525
89334596083.3463
-264792017564.7494
2848864.592186288
-119472403946.1747
22850914372.30655
183736.8522640376
91358590645.38805
-264986504653.284
2852069.534987684
-117868616781.8943
21134092068.96704
177746.8380702945
93355296377.34927
-265167016390.3627
2855168.778265138
-116229621314.6838
19416155301.85757
171840.1389759665
95324088860.47484
-265333550983.5873
2858163.684268061
-114555872252.0881
17697195240.66416
166018.608538372
97264350900.54956
-265486106939.7543
2861055.649685609
-112847835768.0589
15977302978.99408
160284.0779576104
99175472751.27057
-265624683063.7122
2863846.105342124
-111105989401.5956
14256569538.24189
154638.3554082687
101056852336.7547
-265749278457.2987
2866536.515878355
-109330821950.6474
12535085871.45581
149083.2253740623
102907895473.0701
-265859892518.357
2869128.379418378
-107522833361.2576
10812942867.20425
143620.4479857489
104728016088.6786
-265956524939.8313
2871623.227222181
-105682534611.9324
9090231353.442257
138251.7583626581
106516636443.6754
-266039175708.9415
2874022.623323868
-103810447593.2212
7367042101.377535
132978.8659581882
108273187347.7087
-266107845106.4357
2876328.164155439
-101907104982.4964
5643465829.336083
127803.4539096192
109997108376.4633
-266162533705.9223
2878541.478156145
-99973050113.92694
3919593206.627016
122727.178392603
111687848086.5873
-266203242373.2789
2880664.225367381
-98008836843.63863
2195514857.406487
117751.6679806897
113344864228.9435
-266229972266.1405
2882698.097013128
-96015029410.06203
471321364.540463
112878.5230102565
114967623960.0624
-266242724833.4645
2884644.815065942
-93992202289.46864
-1252896726.533809
108109.3149512068
116555604051.6756
-266241501815.1736
2886506.131798513
-91940940046.70136
-2977048903.947874
103445.5857838111
118108291098.2038
-266226305241.8772
2888283.829320819
-89861837181.10794
-4701044685.543841
98888.84738206479
119625181722.0772
-266197137434.6686
2889979.719102901
-87755497967.69013
-6424793615.018066
94440.58090393919
121105782776.7607
-266154001005.0009
2891595.641483334
-85622536293.48425
-8148205258.066923
90102.23618890425
122549611547.3595
-266096898854.6393
2893133.465163419
-83463575489.19342
-9871189198.534859
85875.23116310471
123956195948.6769
-266025834175.6913
2894595.086687196
-81279248156.0945
-11593655034.56492
81760.95125257109
125325074720.5972
-265940810450.7136
2895982.429907348
-79070195988.24744
-13315512374.7519
77760.74880484908
126655797620.6681
-265841831452.8962
2897297.445437081
-76837069590.03796
-15036670834.29844
73875.94251943087
127947925613.7511
-265728901246.324
2898542.110088105
-74580528289.08885
-16757040031.17397
70107.81688737281
129201031058.616
-265602024186.3152
2899718.426294817
-72301239944.57866
-18476529582.27711
66457.62164048327
130414697891.3488
-265461204919.8372
2900828.42152482
-69999880751.01102
-20195049099.60127
62926.57121046403
131588521805.4464
-265306448385.9995
2901874.147675924
-67677135037.48149
-21912508186.404
59515.84419838797
132722110428.4708
-265137759816.6244
2902857.680459776
-65333695062.49303
-23628816433.3801
56226.58285489393
133815083495.1359
-264955144736.8949
2903781.118772286
-62970260804.37522
-25343883414.83872
53059.89257147814
134867073016.7001
-264758608966.0802
2904646.584051029
-60587539747.36653
-27057618684.88466
50016.84138325932
135877723446.5394
-264548158618.3387
2905456.219619815
-58186246663.4229
-28769931773.60411
47098.45948359183
136846691841.7771
-264323800103.5996
2906212.19002062
-55767103389.82008
-30480732183.25498
44305.73875089809
137773648020.8453
-264085540128.5215
2906916.680333107
-53330838602.62142
-32189929384.46208
41639.63228808807
138658274716.8562
-263833385697.5306
2907571.895481951
-50878187586.08666
-33897432812.41733
39101.05397492938
139500267726.6625
-263567344113.936
2908180.059532217
-48409891998.10151
-35603151863.08524
36690.87803372722
140299336055.4872
-263287422981.1243
2908743.414973042
-45926699631.71205
-37306995889.41392
34409.93860866845
141055202057.0036
-262993630203.8335
2909264.221989872
-43429364172.85169
-39008874197.55174
32259.02935917855
141767601568.752
-262685973989.5055
2909744.757725555
-40918644954.35279
-40708696043.0701
30238.90306763445
142436284042.7763
-262364462849.7186
2910187.315530558
-38395306706.33901
-42406370627.19226
28350.27126176997
143061012671.3693
-262029105601.6992
2910594.204202606
-35860119303.09811
-44101807093.02878
26593.80385210371
143641564507.8174
-261679911369.9144
2910967.747216082
-33313857506.53936
-45794914521.81958
24970.12878471199
144177730582.0373
-261316889587.7444
2911310.281941475
-30757300706.34313
-47485601929.18311
23479.83170966194
144669316010.9981
-260940049999.2363
2911624.158855239
-28191232656.91434
-49173778261.37272
22123.45566541148
145116140103.8293
-260549402660.9388
2911911.740740399
-25616441211.25497
-50859352391.54062
20901.50077947453
145518036461.5129
-260144957943.8185
2912175.40187826
-23033718051.87478
-52542233116.00973
19814.42398564069
145874853071.0653
-259726726535.2588
2912417.527231585
-20443858418.86263
-54222329150.55367
18862.63875802928
146186452394.1142
-259294719441.1405
2912640.511619636
-17847660835.24472
-55899549126.68525
18046.51486224754
146452711449.7816
-258848947988.0059
2912846.758885445
-15245926829.75911
-57573801587.95377
17366.37812391295
146673521891.7864
-258389423825.3063
2913038.681055727
-12639460657.1794
-59244994986.25148
16822.51021478842
146848790079.6832
-257916158927.7334
2913218.697493849
-10029069016.3238
-60913037678.1295
16415.14845676838
146978437144.1585
-257429165597.6351
2913389.234046255
-7415560765.888577
-62577837921.12367
16144.48564394229
147062399046.3084
-256928456467.5164
2913552.722182794
-4799746638.24824
-64239303870.09055
16010.66988295002
147100626630.8275
-256414044502.6257
2913711.598131369
-2182438951.367462
-65897343573.55413
